V设 差比 角度  V左  V右   速度差值
//20   1    20   17    23
//          40   12    17
//          50   9     30
          60   2     37     35
          65   -2    42
          70   -8    48
         
       2    10   16    24     8   √
            20   12    28     16
            30   8     32     24
            40   3     37     34
            50   -5    45     50
            60   -16   56     72
                 -37   77
//     3    10   15    24
//          20   10    29
//          30   4     35
//          40   -2    42
//          50   -11   51
//          60   -26   66
//          
//     4    10   13    26
//          20   7     32
//          30   0     40
//          40   -9    50
//          50   -22   62
//          60   -41   81
//////////////////////////
V设 差比 角度  V左  V右 
//30 1    10   27    32
//        20   25    35
//        30   22    38
//        40   19    40
//        50   14    45
//        60   6     53    47
         
     2    10   25    35     10    √
          20   19    41     22
          30   12    48     36
          40   4     56     52
          50   -7    57     64
          60   -24   84     108
          
//     3    10   23    37
//          20   15    44
//          30   7     53
//          40   -3    63
//          50   -17   77
//          60   -39   99
//          
//     4    10   20    39
//          20   10    49
//          30   0     60
//          40   -14   74
//          50   -33   93
//          60   -62   122
//////////////////////////
V设 差比 角度  V左  V右           已改
40   1    10   36    43    7           0.6*8/3s=1.6
          20   32    47    15
          30   28    52    24
          40   23    57    34
          50   15    65    50
          60   4     75    71
          65   -4    84    88
          70   -16   96    112
          
   1.5    10   35    45    10
          20   29    51    22
          30   22    58    36
          40   14    66    52
          50   3     77    74
          60   -14   94    108
          65   -26   106   132
           
     2    10   33    47    14
          20   25    55    30
          30   16    64    48
          40   5     75    70
          50   -9    89    98
          60   -31   111   142
          65   -48   128   176
          70   -73   153   226
          
//     3    10   30    49
//          20   20    59
//          30   9     70
//          40   -4    84
//          50   -23   103
//          60   -52   132
//          
//     4    10   27    52
//          20   14    65
//          30   -1    81
//          40   -19   99
//          50   -44   124
//          60   -83   163
//////////////////////////
V设 差比 角度  V左  V右          已改
50   1    10   45    55    10     4.8/2.5=1.9
          20   40    59    19
          30   35    65    30
          40   28    72    44
          50   19    81    62
          60   5     94    89
          65   -5    105   110
          70   -21   121   142
          75   -46   146
         
     2    10   41    59    18
          20   31    68    37
          30   20    80    60
          40   7     93    86
          50   -12   112   124
          60   -39   139   178
          65   -61   161   222
          70   -92   192   284
          
//     3    10   38    61
//          20   25    74
//          30   11    88
//          40   -5    105
//          50   -29   129
//          60   -65   165
//          
//     4    10   34    65
//          20   17    82
//          30   -1    101
//          40   -24   124
//          50   -55   155
//          60   -103  203
 //////////////////////////
V设 差比 角度  V左  V右 
55  1     10   50   60
          20   45   65
          30   39   71
          40   31   79
          50   21   89   68
          60   6    104  98
          65   -6   116  112
          70   -23  133  156
          73   -38  148  186
          75   -51  161  212






 //////////////////////////
V设 差比 角度  V左  V右 
60   1    10   55   65   9     2.2
          20   49   71   19      
          30   42   78   31
          40   33   86   45
          50   23   97   63
          60   6    114  108
          65   -6   126
          70   -25  145
          75   -56  176
         
//     2    10   50   69 
//          20   40   79
//          30   29   90
//          40   15   104
//          50   -3   123
//          60   -32  152
//          
//     3    10   45   74
//          20   30   89
//          30   13   106 
//          40   -7   127
//          50   -35  125
//          60   -78  198
//          
//     4    10   41   78  
//          20   21   98
//          30   -1   121
//          40   -29  149
//          50   -67  187
//          60   -124 244
 //////////////////////////
 
V设 差比 角度  V左  V右 
65   1    10   59    71
          20   53    77
          30   46    84
          40   36    93
          50   25    105
          60   7     123
          65   -7    137
          70  -27   157
          75  -60   190




  //////////////////////////
V设 差比 角度  V左  V右 
70   1    10   64   76  9     2.5
          20   57   83   23
          30   49   91   35   42  78
          40   40   100   53
          50   27   113  86
          60   7    133  126
     1.5  60  -24   164     
pc  -94*150=-14 100
p   -60*150=-9  000
          65   -8   148
          70   -29  169
          75   -65  205          
 //////////////////////////
V设 差比 角度  V左  V右 
75   1    10   68    82
          20   61    89
          30   53    97
          40   42    108
          50   29    121
          60   8     142
          65   -8    158
          70   -31   181
          75   -69   219
 //////////////////////////
V设 差比 角度  V左  V右 
80   1    10   72   87       2.8
          20   65   95
          30   56   104
          40   45   115
          50   31   129
          60   8    152
    1.5   60   -27  187

          65   -9   169
          70   -33  193
          75   -74  234
        
//     2    10   67   92
//          20   54   105
//          30   38   121
//          40   20   139
//          50   -4   164
//          60   -43  203
//          
//     3    10   61    98
//          20   41    118
//          30   18    141
//          40    -9   169
//          50   -47   207
//          60   -104   264
//          
//     4    10   54     105
//          20   28     131
//          30   -2     162
//          40   -39    199
//          50   -89    249
//          60   -166   326 
























